100
4 2
5 2
6 2
1000 1000
1000 1
500 500
999 499
294 283
512 443
658 615
500 1
454 399
999 487
837 634
1000 500
808 769
999 511
1000 999
1000 509
500 244
496 449
286 279
500 2
1000 2
999 256
690 617
583 471
1000 488
1000 511
2 1
420 378
1000 256
1000 498
568 516
999 493
999 498
865 861
500 499
2 2
723 590
999 488
500 117
501 401
999 372
500 255
1000 128
834 764
506 429
500 128
500 250
500 116
500 245
999 998
999 999
999 255
852 829
999 2
500 89
625 541
972 862
999 128
500 256
295 285
3 2
500 238
1000 255
1000 470
855 689
999 1
1000 489
999 497
1000 127
378 367
999 512
500 127
946 827
257 254
5 1
842 801
372 301
943 921
969 936
975 787
907 906
1000 499
991 812
606 567
886 682
500 248
999 127
4 1
500 249
818 803
676 662
892 676
985 838
1000 512
3 1
467 381
1 1
