100
4 2
5 2
6 2
1000 1000
1000 1
806007 798501
500000 131072
1000000 524287
500000 499999
716046 589142
2 2
999999 499997
3 2
1000000 262143
500000 2
898079 882833
423824 362982
999999 524288
1000000 262144
999999 475712
1000000 2
278424 232214
999999 127
1000000 1
1000000 999999
500000 249998
999999 999998
1000000 458795
274089 256780
971004 964130
1000000 127
500000 250000
605456 573196
999999 499999
706901 704211
1000000 475712
312170 260873
500000 131071
601159 533112
500000 237857
749968 714416
500000 243708
1000000 1000000
857779 656314
1000000 499998
999999 475711
999999 486238
999999 262144
1000000 128
856909 750417
1 1
942197 760456
999999 999999
914147 859619
3 1
662708 626733
999999 2
686662 661158
1000000 475713
1000000 518261
500000 249999
500000 237856
500000 1
999999 1
500000 127
1000000 499999
999999 524287
933942 764484
999999 499998
601662 583614
998919 831647
556419 424147
500000 262143
435153 434307
500000 262144
948477 906846
999999 369374
406925 365132
500000 231658
451283 427906
988442 781945
500000 500000
727356 626628
1000000 500000
920768 822034
4 1
420078 381604
5 1
900086 868530
1000000 524288
624388 523133
999999 262143
500000 128
454413 347650
898475 676198
424695 404210
547978 543459
642353 509373
999999 128
2 1
