3 6 17 -35
15 13 15 54
6 12 9 30
1 2 7 -17
10 19 3 95
6 0 6 6
12 16 11 64
8 7 9 25
2 10 2 32
3 7 15 -24
9 2 2 43
18 9 7 89
13 16 11 69
2 9 13 -15
1 19 4 46
17 18 4 123
15 10 13 53
6 11 0 63
16 13 2 111
10 16 1 94
5 5 4 24
7 16 5 63
6 9 13 5
17 4 15 37
2 5 14 -31
7 14 4 61
3 10 7 17
8 16 18 16
8 4 3 40
11 14 19 21
12 0 16 -4
8 19 12 49
6 6 14 -8
19 15 10 100
14 18 7 96
1 17 2 48
17 12 12 73
16 1 0 83
6 1 5 13
9 4 19 -19
0 9 11 -17
17 17 11 92
1 15 9 14
7 7 16 -8
17 13 6 100
5 6 3 31
19 4 8 75
11 12 9 55
3 19 10 32
8 8 15 4

