50
83 86 77
546 2306 2363 2568 3136 3527 5212 6863 6997 13751 13785 13927 13930 15435 16125 16650 17277 18457 19583 20060 20926 21531 21730 22863 23059 25858 26506 26809 33070 33368 34023 36328 36916 38336 41422 41874 44044 44920 47179 47794 50847 53896 55737 56430 59957 60337 60493 61314 61394 64371 65124 65783 66414 68691 68981 71088 74068 75012 75199 76092 76230 77085 77374 78043 79803 80541 83427 84422 85387 89173 90028 90365 93585 94325 95369 95789 97282 97764 98168 98316 98538 98815 99171 
724 2246 2652 4568 5404 5733 5772 6220 8118 9442 9504 10013 10098 12400 12903 18150 20710 22847 24287 24915 26341 26653 28445 28625 29690 30020 32872 34482 36227 37765 38098 40796 41501 42619 43556 44730 46620 47740 47797 48095 48830 49677 51435 51529 53866 54587 55307 57035 58032 58271 58441 59709 60281 60379 60757 63369 64684 65194 66602 69842 70125 70493 72354 73318 76966 77857 79498 80571 86716 87765 88229 90676 92351 92380 92755 92922 93369 93452 95061 97302 97468 97489 97540 98587 98928 99933 
1475 2905 2955 6726 7670 8236 8543 9860 10198 12184 14614 16438 17506 18607 18777 22228 22405 23312 27829 28805 31012 35129 35569 35929 36030 36841 36988 38083 39508 39530 43325 44819 46492 48366 49300 51433 52552 53276 54341 54539 55423 55591 55764 59356 59471 61238 64444 65819 66144 66997 67918 68140 68859 69787 69918 70689 73623 73744 73794 75408 75857 76122 76349 78612 81937 85645 87344 87744 88465 89773 94396 94429 95500 95747 97370 98491 99229 
60 55 51
974 3466 3882 5625 6888 8283 8934 11306 11341 11900 12925 13259 13774 16467 17446 18419 19380 19757 22091 25662 27685 29321 32037 33453 39669 42063 43377 44879 45551 45895 47469 48523 48627 48900 52927 52960 52997 55543 55937 57200 58661 62601 65085 67638 69180 70164 72814 73417 73731 78737 79108 79445 81096 84931 86709 87132 87191 87982 89413 90072 
1256 2337 2423 3349 5386 6043 6641 7673 8582 11128 11706 11973 15668 17722 19302 21397 25211 29151 29905 32173 39300 39812 40085 40714 41223 42591 44600 45631 46229 47626 51660 52299 54082 55940 56191 62010 63921 64820 65985 66343 67270 67373 67588 73851 73941 75322 78207 79293 80525 83899 88210 88820 89225 96659 97714 
1962 2022 8873 10499 13203 14770 17568 18005 18809 18945 21649 21861 21994 22843 23206 23507 28203 31327 32134 33334 35190 36785 37733 45885 47256 48037 48143 49909 49959 51747 54260 57754 60380 62505 62755 67622 68851 71156 72891 75580 79568 81777 83304 85274 86249 89529 90614 90869 95995 99337 99755 
68 79 50
682 1040 2216 2901 3034 3178 3730 4340 4795 5364 6404 7557 7972 8539 8903 9189 10254 12498 13997 16128 16950 17648 17989 19126 20505 22536 26305 32003 32461 36160 36430 38047 43922 44501 45976 47687 49158 49798 53415 55630 58700 60029 60050 60290 61153 66250 66749 70461 71044 71693 73304 73789 76336 78051 82135 85239 86991 88028 90429 90965 92293 94893 95152 95344 95368 95437 97698 98286 
82 570 607 2648 2727 2830 3191 4235 4347 4917 6356 6368 9118 9611 14413 14678 18594 18628 18997 19081 20091 24567 25434 25579 26058 26310 26313 27285 28024 28206 28947 30691 30858 31627 32291 34995 39215 40744 41313 47387 47642 49615 52275 53145 53542 53827 55341 56043 56553 56621 56857 56971 58391 58970 59480 61683 61887 64525 65101 66190 66762 72261 72262 73169 74233 77889 85796 87771 88356 90359 90361 90418 93513 93530 95426 98339 98988 99052 99632 
238 1840 3494 4290 4293 5058 7206 10700 10874 11389 13174 17463 18158 19848 20484 23619 25850 26608 28459 28795 31234 33075 33418 33460 33682 34472 34946 35218 36874 39391 45730 45792 48519 49315 50271 55116 56683 58026 60359 67638 68364 70479 72758 73060 75570 89439 90784 91101 92623 96432 
71 57 74
1948 5237 10538 10564 11575 13971 14031 19219 19935 20128 21245 24031 24177 26718 28994 30127 31492 31537 33003 33484 33590 35022 35326 35380 39022 39863 40050 41082 41806 43769 44823 44919 46140 50254 52806 53517 54099 58956 59232 61797 62952 63292 63951 67819 69912 72232 74581 75106 76883 76983 77376 77561 79208 81487 82339 84813 84858 85055 85405 86594 87517 88712 89745 92686 93094 93500 93615 93741 94978 99760 99905 
347 926 3075 4790 5154 6711 6733 9486 10295 11018 13074 14640 14905 15776 19806 21121 22574 22605 23944 27089 27815 32920 34714 35711 36504 36837 38378 39007 45692 49251 49292 50544 56852 60236 62950 63859 66329 67869 69634 71138 72662 74763 75056 77218 78131 78180 80227 80968 82196 86764 87091 87678 89686 90597 94019 96964 98572 
1064 2748 7399 8325 9366 9934 11777 11899 14654 15798 21704 22533 22955 25219 26273 26925 27322 27336 27956 29205 30444 33519 34048 35822 37458 38702 39037 39849 40866 41724 44235 45083 45197 45487 45831 47085 47284 48721 49123 50263 50574 50908 52041 53715 53960 54155 56729 57523 58271 59212 60270 61042 62807 63982 66343 66951 67771 70073 70348 71233 72380 75641 79263 82031 84173 84279 86060 87561 89160 89436 89684 91172 94428 94985 
58 84 98
1053 2255 5990 9017 10992 11132 15351 15721 16540 18190 23876 25172 28068 30298 32232 33379 38723 45054 46082 50552 52434 52507 52716 54011 54604 55082 58110 59416 59427 65405 67858 68826 71339 71560 73110 73814 75224 76377 76591 76788 78225 79297 81495 84851 85148 87983 89115 90001 90033 90180 90182 91282 92123 96533 96893 97488 98899 99182 
1361 1963 3683 4311 6583 7723 8861 9098 9212 11784 12298 12351 13564 16932 17956 18658 20854 21270 22072 23383 26088 26622 26652 26816 28399 28578 30640 33150 33891 34226 35991 36611 37526 38840 39933 40529 41889 41893 42588 43182 43438 44267 47644 51137 51477 54117 54553 55200 60000 60009 60100 60911 63828 64286 67058 68978 69087 70338 70889 74571 75777 77686 80155 80596 80929 87484 88778 89127 89619 90416 90931 91310 92394 94584 95022 95529 95821 97315 97491 97526 98507 98977 99135 99709 
658 1174 1355 3663 4668 5001 6142 6446 6507 7281 7362 9365 11851 13084 13413 14694 18185 18860 19594 22198 22326 22958 23173 23429 24791 25353 28829 31490 31542 34155 34970 36105 38284 39852 39876 41352 42440 42492 46591 48160 48413 48567 49518 50400 50775 52529 53196 55806 55857 60872 60998 61853 63971 65155 65422 66128 67717 70038 72556 72642 73538 73680 74113 75267 75483 76218 76365 76988 77018 78342 78763 79335 80309 80953 81033 86507 87335 87666 88264 88422 88955 89301 89369 89673 90637 91299 91639 91762 92539 92736 92973 93070 94986 95512 96777 97279 98383 99016 
70 56 94
961 1536 1878 4314 4466 6650 9955 10051 11791 13172 13887 19305 20020 20153 22043 22182 22327 23287 23920 24394 25384 25845 26344 26815 26970 32476 32622 33991 34674 35625 37290 40141 41552 42660 46040 50110 50324 51239 53199 53667 56290 57794 59632 60184 61076 61957 62761 63134 65156 65982 66834 68365 72762 74296 74549 74977 75359 78469 82934 84101 84265 85678 88157 93246 93470 94315 94950 95736 98824 99356 
939 1184 3709 5217 6425 6899 11642 12497 13934 17720 18903 25063 25394 27584 28790 32558 34141 34563 34574 38958 42724 43486 45488 46913 48154 49208 49719 50031 52161 52494 56869 57473 61730 64030 65003 66798 68012 69560 71727 72306 73481 75475 76126 80903 83175 84281 85949 88132 88968 90193 92378 92727 93011 93142 93419 96981 
31 670 822 2451 2558 2672 3125 5405 6774 7340 7830 9096 9664 10140 10432 10570 12087 12723 13900 16260 16488 18817 19916 20095 21893 22352 23288 23404 24221 26800 27668 29392 29650 31350 32588 36354 37089 38271 39644 40436 40854 42734 43025 43882 45563 47516 49155 49614 50187 51743 52064 52387 54388 54820 55711 56838 57465 58233 58706 58744 63611 63639 66705 67280 69830 71523 74134 74316 74803 75635 77419 77691 79422 79970 80711 81520 81713 85206 85270 85906 86743 87331 90245 91088 91500 92374 92735 95012 95355 95961 96181 96912 98090 98434 
55 93 79
1172 1746 4900 5341 5995 6313 8438 12996 15922 17070 19018 21387 23788 25166 25362 25677 26653 32701 32934 33932 34448 42590 46093 46572 48570 50354 51744 54167 58926 59157 61529 63037 64046 64795 64802 65418 66949 67423 68507 73379 74124 74883 75552 77108 79665 80560 86318 86355 86710 88821 91609 96296 98481 99427 99485 
802 3051 3567 4214 6203 6528 7331 10636 11805 13092 14801 14938 15610 17541 17604 17833 20084 20173 20357 26514 29295 32541 33293 34159 34684 35345 36422 40635 41599 42014 44264 44585 44977 46268 47662 48861 51226 51991 52347 52742 53334 55813 55826 56795 59296 60597 60758 62125 63199 63371 63591 63954 65116 65129 65187 65726 66497 68112 68973 69940 70217 73340 74090 75884 76441 77646 78258 78500 79175 79343 80520 80571 81877 82340 82438 82640 85197 85473 86142 87227 87543 90280 90496 90953 91632 93447 94572 94651 95569 96108 98139 98879 99493 
2607 4487 4920 4979 5736 7132 7395 9913 12764 15495 16067 16340 16749 17544 18108 19592 20529 21932 22273 22408 22940 23769 24548 24644 30165 37582 39054 39562 40188 40517 41124 41198 42531 43004 46705 48499 49011 51321 51989 52252 53166 54099 55952 56143 58753 59820 61080 61901 62036 62548 62933 63180 64350 64798 65160 65626 68099 68485 71473 72554 76506 81087 81305 82752 82854 84524 84681 86464 86967 87640 88303 88428 89874 89878 91987 92439 93019 94426 94696 
99 54 61
2409 2907 3787 5361 5982 6519 6617 6630 6798 8586 10116 11383 14545 16909 18835 19717 20898 22301 22687 22766 22834 25362 27985 28827 29417 29500 29614 30764 30776 32101 33063 34317 34987 35326 36627 37893 38330 38621 39808 41063 43321 44429 46561 47777 48433 48697 49811 51015 51547 51795 52325 52635 53541 53597 54188 56509 57915 60603 60630 63038 63634 64089 64429 67396 68776 69344 70004 73350 73848 73880 75862 76785 80382 80870 81516 81764 83398 84304 85027 85186 87135 87410 89570 91314 91983 92335 93843 94466 95098 95101 95816 95880 96367 96535 97566 97931 99452 99753 99854 
770 1997 2294 7467 8694 10752 14108 14812 15465 15874 16466 16952 17136 22925 23294 25340 26235 27495 30324 32855 34814 45951 48347 48978 51634 53871 54164 56943 59684 62881 63073 63942 65015 65741 66383 66488 68682 71476 72516 73392 74536 75445 82291 83163 83333 85214 86629 87709 88412 89169 92500 97812 98501 98739 
336 2256 4698 7058 7206 7630 9588 10937 12133 13044 13282 15950 17458 19205 19541 20115 21969 25801 28372 31288 32984 33879 34827 36998 37837 38148 46621 47434 49765 50340 52624 53419 53675 57372 58261 58794 60597 62958 65170 65221 66068 66423 67128 69884 72026 73440 73568 77053 78722 80530 81691 82141 85293 85491 85524 86767 88535 91654 92336 92350 92729 
70 77 98
1282 3135 3760 3808 5662 6953 11521 12268 13172 14423 16072 18482 21863 21930 22377 28224 28609 28781 29091 30505 31743 31943 32564 38001 38321 39222 39564 39748 40013 41010 41485 41974 42554 43824 44210 44855 47036 51769 51900 52281 52367 54674 54969 55383 55512 57756 59896 62174 62959 63924 68013 68617 69402 69943 71199 71255 72001 72604 73414 74397 74888 77884 83045 84293 87661 89504 91639 93661 94058 96856 
11 700 1486 1833 1938 2534 5401 6369 7459 13606 14411 14637 15140 18866 20393 21091 21281 22491 22627 23447 26128 26170 27459 29129 30018 31868 32539 32974 33022 34401 34570 35019 36755 38586 38990 39834 40927 41708 42349 43422 43462 43706 48342 49808 50615 50733 52787 56632 59561 63749 64902 65458 66357 66789 68543 69410 72001 72498 72526 73166 73833 75359 75744 76621 77471 78005 79118 79760 80551 80570 82895 85375 86129 86239 88864 89563 90159 
35 755 931 6159 7655 8423 10648 10841 13237 16261 16440 17570 20513 21785 25016 25140 25917 26577 27309 29781 30297 31493 32429 32558 33695 33721 34493 35165 35237 36158 36957 37243 37686 37711 37798 38015 38549 38603 38645 39635 40293 40354 41088 41090 42870 44050 45064 45191 45326 45521 46351 46411 48143 49300 49956 51531 51736 55141 58095 61709 62112 62338 62803 64192 65221 67722 68449 68483 70462 74642 74783 76089 76555 76926 77590 79546 80283 80539 81418 81885 81984 82782 82791 83959 86024 86148 87006 87143 87903 90524 91695 92725 93321 94873 96523 96631 97052 98987 
67 56 75
8979 9720 10526 12852 13009 13487 14448 14512 14675 15266 17670 19541 20436 20632 21118 26096 27209 27352 27935 28803 28862 32677 33935 34947 35768 36689 36907 38567 41321 46278 50128 50213 52834 52977 52987 54932 55568 59135 62298 66840 67698 70038 70137 71162 73000 73951 76181 77378 78675 78694 79691 81136 83317 84170 84796 85901 87097 87571 89261 90564 92162 93631 94537 95368 96967 99243 99902 
1434 3767 4629 5251 7072 7776 9879 10540 11626 11927 13070 14947 27550 28448 29491 30152 30961 31503 34685 35777 37210 38503 39014 41239 43429 43683 46791 47037 47195 48402 50053 52950 59278 60451 64836 67564 72997 73991 74760 79782 79877 80590 81124 82363 82701 84417 86230 86385 86975 87800 88583 90529 93800 94115 96985 97236 
1663 3070 3108 3670 4106 4514 4713 5711 6854 6893 7855 8314 8431 8945 9434 11797 12035 12083 12111 12712 16250 16555 16633 16759 19354 19370 20660 23091 26265 27700 30097 33008 36336 37737 37968 39444 40377 44857 47890 51143 52303 52482 53580 57266 58629 59964 60030 61737 62719 63559 64473 65596 70642 71802 73496 74566 76258 77602 79928 81468 82015 82314 85161 86228 86978 87196 90261 90770 90959 92632 95039 95408 96009 96635 99552 
82 54 76
574 3194 3448 9561 10436 10556 11415 12506 13257 13641 15236 15330 17044 18326 21956 23957 25835 26902 27573 27835 28292 28365 29449 33883 34296 35048 35105 35696 35734 37652 37946 38590 39367 41188 42497 43861 44565 44665 45291 49145 49165 50858 51395 53543 53682 53843 57367 58804 58864 59162 59652 61649 62252 62796 64402 64841 69411 70211 70807 72602 72785 73791 73950 74724 75276 77291 77725 78156 78409 80457 80769 85589 86252 86734 90627 92201 95739 97812 97947 99068 99094 99827 
4897 7429 10876 11787 13847 15860 24072 24759 26645 27646 28259 29730 30208 33180 33556 34108 34320 38859 40948 42054 42773 43204 43254 43295 43371 43881 46008 46287 49731 50659 53511 54422 55595 57345 64126 64557 67251 67325 71925 73514 74730 77806 79137 79886 80298 80879 82720 83853 84201 84368 96747 97509 97699 98531 
849 1393 2309 2346 4486 5109 5808 5905 6629 6658 10912 10947 11311 11411 11557 11984 14463 15056 15645 18185 23183 23382 25973 27631 28826 29502 35413 36719 37127 37284 38288 40638 41303 43445 47295 49834 51515 53151 54329 54590 54834 55805 57903 58107 59640 61247 62070 65627 65745 65761 67124 67138 69079 69389 69441 70449 71001 74187 74883 74952 75058 76176 77260 81424 82272 88752 88866 89142 89211 93486 94862 96359 97087 98079 98130 98624 
55 93 92
659 4525 9119 10013 10400 11306 14996 20738 21925 24261 24764 25555 26702 28785 31555 34590 34780 34854 35248 35329 38265 40187 41550 46551 47043 48264 50881 51319 52112 53320 53429 54684 57056 59217 59971 60000 60057 61121 65915 67090 72418 74212 75790 78242 78980 80130 80238 83459 85507 88110 88778 92301 96500 99282 99951 
114 132 839 1115 1380 2781 2943 3442 3455 4436 4486 5546 6072 7232 8489 11545 13971 16036 17639 17825 19963 20764 21019 22597 22836 25316 27999 28657 28907 30243 30644 30960 32111 33024 33103 33767 34464 34703 35327 35681 41043 42739 43059 43484 45108 46633 46895 48618 50251 51762 52848 53492 53826 54043 54462 57258 58054 58083 58642 59618 60162 61003 62433 64226 64287 65136 66849 68785 70712 71007 71207 71565 71895 77441 78338 80710 80745 83599 84097 84285 85315 85753 86990 88925 92211 94081 95842 97219 97757 98389 99175 99214 99357 
988 1643 3819 3869 7987 8004 8254 9440 11887 13065 13272 13523 15464 15470 15876 16229 17178 18108 20425 21289 21699 22255 24032 25414 28216 29849 30773 32905 33727 34304 34957 35527 36300 36449 39681 42044 42710 42851 44370 45290 45821 46356 46648 46677 47320 52471 53490 53878 53955 54596 55149 56619 56710 58989 59620 61771 61860 62030 62509 63194 63926 64351 64873 67745 68233 68265 69452 69529 69907 71795 72785 74447 76230 76251 76851 79193 79270 81273 82212 83805 86947 87501 87583 88710 91441 91569 92332 95172 95540 95658 96620 99268 
86 66 76
1843 4736 9429 10063 10721 12645 13160 15034 16510 17459 17547 18024 18203 19301 19359 20240 20689 21677 23222 24636 24657 26231 28243 30123 30335 31161 31188 31766 32484 32494 33622 34056 35369 35659 35669 37542 38147 40043 41139 41307 46388 48227 49295 49493 56388 57409 57447 58052 59555 59968 60015 60704 61150 62508 63182 63329 64304 64523 64627 65405 67038 68400 69028 69258 69977 70781 71044 75740 76175 76899 77217 77950 80533 82316 82650 82776 83349 86387 87938 87965 93060 93079 96415 97684 99373 99959 
97 362 871 1005 1102 3164 6749 8467 8767 10418 14058 14527 17935 18418 19118 20006 20960 21336 25914 26235 29463 30387 34496 38894 40260 40404 40493 41729 42062 43703 44778 44875 51353 53940 54098 57303 57693 57717 59819 60187 62328 63047 64031 66257 67524 68395 68825 69711 75110 75261 77905 82051 83859 84507 86307 86443 88340 88550 89945 92188 92894 93055 95505 97814 97894 98818 
4140 4413 5947 7075 8343 10828 11155 12755 12960 13991 16033 17554 18558 20161 20361 21826 24150 24903 28381 28561 33624 33662 34226 36011 37576 38158 38446 43364 44697 45489 45765 48627 49810 51143 51879 52278 60251 61049 61449 61903 61930 62383 63291 64681 65588 65872 66125 66797 66995 71705 71755 72327 75928 78441 78662 79553 81325 82347 82585 82620 82913 84149 86253 86312 89694 91003 91255 92204 93555 94152 95514 95778 96343 97112 98338 99301 
83 86 56
708 2160 3158 3631 6458 6688 7125 10993 11565 14338 16899 22432 24047 25348 28280 29158 30431 31110 31810 32174 33401 33765 36272 36586 36637 37364 38369 39256 42293 42781 43634 43659 44071 44478 44778 46712 48610 49340 49639 51328 51572 52168 52177 52369 52862 53903 55067 55433 57437 57670 61452 62276 64038 65484 65574 67851 68429 69148 71126 71745 71760 73288 74968 74975 75618 75987 76791 84493 84822 86053 86979 87535 88614 89305 91467 91795 91880 92587 93027 93504 94661 94894 99961 
3848 5108 5248 5366 6485 7330 7572 8583 9452 10656 11054 12662 13003 13459 15539 15803 16851 19073 19987 20489 20783 22038 26504 26772 28239 28546 31056 32653 34018 35501 36874 37954 38156 39022 41883 42204 45230 47248 48089 49477 49543 52959 53216 54661 54946 55028 58356 58698 58963 60495 60592 61632 62639 62935 67655 67661 68159 70125 71150 72607 72945 75206 77141 77611 77718 82200 83328 83423 85545 85771 86035 87351 87484 89197 89836 90869 91615 92937 94529 94997 95099 95893 96084 98188 98393 98404 
1534 3376 3581 4172 4351 6241 8971 9342 10337 11559 14781 17691 18296 19362 20959 22041 22142 24539 27496 30541 33303 33609 42832 43900 44651 47224 47758 47984 48727 50260 52328 52775 54092 56511 58801 59317 65440 66769 69973 70912 72836 74359 74845 76389 77623 79466 82153 84489 88324 89391 90058 90121 93054 93830 95192 97798 
79 63 69
836 1555 2909 4174 6047 6957 8020 8473 12056 13309 13883 15129 15451 16216 21957 22257 22716 24131 24562 26131 26509 27173 27747 28400 29508 30608 31528 32837 33258 35707 35840 38391 40882 41139 41977 42588 42930 44084 44297 44719 47070 48624 48708 48719 49763 50255 51296 51305 54530 54888 56738 57662 59766 62075 62197 62198 63629 65513 68898 70880 71167 72879 74318 74918 74970 75413 75430 75806 78686 79423 79601 84130 85609 85890 86529 90213 92119 97220 98056 
2552 3003 4853 5992 7250 7780 10763 14108 14404 16009 16124 17268 17810 19205 19945 20944 20976 23355 23612 30117 30531 32075 33818 37095 38021 39260 39848 40419 44816 44982 46829 47485 48474 52618 55867 56299 58875 59773 60397 61592 62070 62284 62290 63502 64194 66027 66132 68785 70888 72073 72323 75738 76781 83446 85194 85592 86657 87378 89736 91644 95151 98168 98371 
314 868 1426 1521 1683 6241 7397 8252 8922 9832 9860 10039 10353 12680 13074 13363 16549 18733 20264 22592 23194 23201 23970 25260 27442 28387 29406 30846 31590 35091 35339 37002 38996 39468 41747 42105 42167 46978 47989 48251 48474 51606 54229 54447 59386 62698 65224 66708 67706 69539 69742 70792 72059 74407 74419 74636 74950 77617 81338 82858 86866 89326 90580 91743 93625 93917 94815 95573 95766 
53 73 81
3605 4040 5193 6578 7434 10070 12976 14897 15390 18065 21415 22430 25422 30040 33131 43939 45297 46940 48682 54527 56570 57361 61056 61147 65070 69082 69092 69592 69756 72696 73371 74277 75024 75680 76023 76771 76939 77152 77695 79000 79778 80109 82070 82767 84241 87416 87959 88681 90178 91006 95177 95258 97162 
1444 1569 1926 9577 11022 15425 16324 17017 17876 18467 19349 20697 22778 24436 25606 26951 30873 31430 32248 33519 36499 36826 39519 40078 40173 40350 41752 42197 42917 43438 43848 43984 44544 45773 46871 47452 48902 49223 49967 51250 53662 56397 57225 57621 61019 62427 62462 62901 63995 64826 66147 66290 66333 66393 67503 70297 71054 72670 72887 74027 74864 81617 81906 82831 83089 83502 86441 88019 91848 93663 97005 97641 98448 
118 1271 1456 1656 4416 7879 8765 10513 10737 12299 15305 15613 16152 16256 16348 16654 17185 17809 18853 19190 19440 19520 19678 20499 20790 20805 22903 24348 26163 26211 26424 26573 27017 27250 32909 37115 38327 45942 46102 47340 48051 48152 49947 50441 52879 53221 54350 55163 55230 55352 56388 60909 61690 62093 63959 64577 65367 65970 70291 70848 72711 72744 73033 73770 77109 77164 77305 77951 82494 83399 84455 84472 87127 87855 88838 89063 90108 90169 92710 95652 98942 
51 90 97
1212 7753 14088 17566 19020 19200 20753 20789 22501 26157 26608 27368 33138 34272 36144 36405 36666 40067 40323 41695 44043 45592 45830 46387 48075 49293 53697 54290 55663 57097 58925 60513 61812 62104 62159 66618 72297 80397 84909 86197 86767 87784 88898 91335 91978 92062 92804 92931 93737 94997 96472 
2721 4341 8217 8255 8847 10542 11798 12270 13081 13493 14399 15750 16500 17028 17047 17754 18076 18242 18264 19158 19288 19390 20039 24222 24310 25171 25381 27852 28617 28652 30763 31401 31661 33939 34983 36215 36827 39235 39326 40311 40458 41653 42335 45033 47443 51504 53189 53815 54733 55631 55933 57621 58781 61997 62387 64673 65510 66084 67936 68865 70039 70983 72148 76022 76664 77341 77753 78492 81777 82425 82691 84325 85754 86306 87187 87804 88371 88475 89326 89993 90177 90372 90931 91186 92191 96073 97530 98698 98953 99431 
1494 3166 5752 5996 10197 10948 11578 11757 12583 14376 16429 16539 17508 18191 19640 20371 22329 22668 23329 23524 24123 28876 29327 30059 30939 31457 32039 32421 33762 34133 34827 34912 36680 37024 38229 38487 39013 39196 42486 44231 45324 46136 46308 46414 47375 48837 48991 49320 50311 51464 51602 53147 53919 54444 54832 54914 56434 56676 58133 59338 59347 61691 62965 63008 64903 66930 69763 71009 72102 72442 72593 73349 73399 73436 73961 75028 77126 77592 78521 79959 80150 80438 82410 82473 84083 85259 86990 87455 87537 88132 91244 92906 93260 95398 95746 98033 99084 
77 95 73
1419 4754 5602 5612 5739 6198 6648 7965 10802 11965 13322 15956 17567 17775 18117 18398 18447 18968 18985 20831 21180 21739 22012 22216 23016 24110 24138 24151 24324 26857 29950 30758 31368 33504 36615 39127 39404 40128 42418 43726 45416 47780 48665 50353 51478 53695 55728 57999 58861 58977 59306 59470 59477 60716 61175 65278 65737 70869 71476 73202 73856 73925 74496 76586 79466 79594 81414 82354 83203 85543 86227 90307 91028 92009 92957 94219 99973 
2789 3533 4184 4320 6182 6467 7193 7541 7604 8429 8521 11918 12982 13538 14789 15498 15534 16066 18752 20722 20800 22002 22191 23203 24492 26132 27640 28426 28526 28786 28930 29482 29794 30071 30953 32289 32348 33064 35206 35588 37330 39335 40703 40846 41450 42993 43990 45083 47984 48076 48867 49459 50002 50305 52761 53047 53144 56182 57081 58857 59155 59760 60091 60354 60412 63044 63874 64261 66538 67991 68217 68400 69371 70798 71221 74772 74832 76051 76713 79371 80947 82281 84113 84988 85192 87634 88872 89271 92858 94004 94410 95292 95942 98395 99469 
1667 3316 6542 7064 9429 13245 15862 16455 16946 17282 21515 23018 23308 23516 25328 26131 30305 30759 31425 31722 32245 33164 35247 38231 39404 39839 39876 40216 40593 40877 42158 43567 47071 48481 49154 50232 52043 53970 55333 55459 57676 57772 58290 58791 59634 61258 61568 61746 62976 64336 64482 65790 66093 68625 71193 77823 78848 82476 84673 85057 86217 86873 87850 88540 91010 91309 91587 91954 92975 94626 96586 97918 98515 
83 72 77
94 1149 1778 2051 5980 8342 10077 11205 12401 12586 14202 16758 17185 18056 18811 18909 19987 20441 20697 20728 22807 23557 23841 26410 27398 28485 29833 32193 34191 35812 36190 36873 38994 40588 44318 45483 47242 47451 48481 48587 51236 51379 52889 53811 55019 55896 55989 62565 62919 63039 63102 63302 64092 65408 65980 66150 66318 67456 67874 69348 69756 70331 72213 74538 74970 75975 76243 77487 78004 79246 84919 87829 88923 91217 91584 91648 91976 94012 94216 96004 96073 99258 99816 
470 1306 1666 7301 10086 10269 11137 15508 17358 18447 20169 20965 22270 23079 24658 27242 27304 27460 27879 28586 28763 29520 30305 30774 31355 33023 35626 36259 36990 38725 39004 39380 40801 43386 44862 47409 48122 48712 55367 56056 57052 57510 58826 59190 62560 64683 65452 65558 66067 67673 71362 71711 71885 73370 73765 76648 76783 77208 80178 80271 81852 82207 82670 83191 85446 86846 87761 88838 93081 94829 99089 99532 
78 324 976 2121 5280 5357 7682 10472 10960 13095 13296 13701 15639 16615 18236 18565 18705 19534 22861 24555 28312 35014 38180 38955 40580 42790 43038 45432 46291 47330 47733 47846 48541 50255 50708 53643 53915 54280 56376 56650 57107 58699 58815 60117 61354 61764 63905 64228 64663 65132 65239 66558 67579 70381 73447 74603 75979 76427 79704 80263 80301 80825 82061 83089 83196 85388 85509 86301 86451 87308 88161 89498 90592 91027 94011 95155 96915 
84 94 99
273 1071 2304 9803 10873 11059 13191 14780 15116 15547 16205 16221 16337 17141 18246 18510 19333 21443 21814 22096 27093 28488 34582 35592 36222 41498 41992 44096 44147 44366 45821 48130 50800 51187 51817 52474 52919 54526 59132 60320 61367 61680 61928 63559 63594 64443 66430 67424 67716 68838 69533 70160 70393 70819 72464 72583 72613 72634 73534 73829 76150 76170 76738 77539 77774 80534 80686 80958 82415 82439 82800 85701 86129 87184 87990 88724 88778 89349 90049 90547 94910 96505 96804 96828 
203 475 1490 2394 2945 3979 4019 6372 8595 9939 10259 10640 10800 12605 14283 15167 15223 16135 17184 17316 19292 19331 19495 20614 21753 21821 22561 24146 24472 28192 29086 34456 34556 34661 35047 36481 38320 40585 41090 42228 43494 44208 44726 45389 45534 46869 47870 48851 50129 53220 54090 54438 55772 57992 59790 61569 62650 63000 64214 68967 69169 71753 72405 73798 73872 74223 74957 75287 77365 79280 82468 82705 83158 83779 84863 85756 85995 86035 86059 86432 90718 90801 91750 92820 92984 93404 93838 94224 94418 95634 96383 96684 97735 97784 
306 550 1095 2074 3530 4620 5059 9193 9674 9850 10662 11192 12110 12497 13226 13466 13607 16247 17224 17538 19042 20511 20568 20738 20759 20897 21064 22219 22299 22524 23542 25722 26448 26457 27047 29154 30776 31225 31997 32057 33577 34071 34552 35519 38937 39610 39627 43017 43732 43746 44299 44686 45410 46277 46729 47042 48445 48506 49110 49677 53125 53128 55904 56625 56959 57355 59254 59940 60559 60958 61689 61879 62946 66119 68024 68781 69146 69819 70348 70497 73871 76264 76700 77504 78010 79983 81020 82395 84295 86668 87892 89359 91413 92479 95594 96170 96229 97566 99434 
61 97 59
844 1915 3941 6754 7395 7883 9340 9362 14524 16587 17060 17321 17724 17858 19075 20735 22033 22591 23416 28061 29308 31835 32621 33429 34814 35976 38150 41934 42817 42917 43873 46054 46897 47511 48306 51135 51980 53296 58436 60183 61154 62973 66546 66693 67878 74012 75906 77468 81701 81895 82854 83632 87619 88316 89095 89813 93790 95043 96297 98211 99322 
1111 3813 4950 5178 6848 7527 9121 9590 10311 11382 13670 13761 14219 15261 16447 17793 19420 21092 21534 22952 22981 23885 25013 26382 26646 26866 27598 29560 29702 32092 32382 33186 33298 33400 34729 35245 36869 37656 39350 40088 40195 43701 44488 44775 44945 45747 46547 47288 47678 48212 50887 52465 52979 53157 53539 54125 54329 54719 55113 55261 56392 56758 57461 57667 59326 60054 61728 61807 63908 64840 65450 66409 66591 69005 69938 70115 73269 74070 74885 76618 76622 78674 81217 85080 86389 86932 88475 88850 89792 93590 94068 95009 95097 95390 95509 96430 98674 
256 1133 2428 3242 4720 4722 5988 8415 10620 15005 16331 20527 21237 23112 24792 25728 26065 28628 30119 33495 34452 34605 37167 38864 40076 40866 42672 43317 45144 48500 49731 50074 53645 55337 57688 58262 58366 59390 62287 65406 66102 66597 67277 67403 68400 68838 72156 72877 75317 80922 81941 86767 86897 87237 90514 92857 99279 99456 99723 
87 53 89
995 5511 6139 8676 9247 10151 11982 12844 15006 15216 16702 18917 19641 21009 21460 21996 23764 23857 26197 30124 33466 33684 34647 35873 37216 39283 41469 41617 42429 43281 44747 47052 48416 50463 50769 51104 53188 54063 54195 54354 54740 55383 56830 57023 57678 61535 62190 62382 66037 66830 67765 69587 71055 72484 72487 72673 72700 72764 72966 73516 74510 74722 74884 75910 76452 77584 78727 79146 85908 86359 87661 88884 89013 89889 92801 93256 93947 95154 95623 96468 96836 97244 97604 98062 98166 98657 99519 
2800 2942 5741 8011 9525 9676 12651 12661 14866 15549 17498 18079 18122 21497 21727 22959 25560 29190 31591 32567 33507 34698 35743 37201 37836 38470 40075 40611 41366 44624 44831 45228 47919 48146 51585 53684 57670 59575 62332 67333 67345 68736 69101 70388 80169 81556 83297 84538 84830 91202 94462 95632 99635 
1150 2057 3638 4681 5918 7631 8631 9186 9203 9890 11486 11549 12978 13023 13832 14642 15710 17156 23316 24082 24584 25395 25787 27023 27886 29206 30143 31386 33206 33214 33462 33908 35227 37272 39266 39885 40288 42903 43365 44268 45147 45511 46381 46769 48633 49116 49295 49564 52102 57143 57818 58318 58827 59227 59265 59446 60596 60708 61750 61793 61992 62721 63646 64682 64948 65828 67972 68690 68718 70879 71276 75018 75123 75155 75352 78850 82329 86265 86665 86668 87192 87194 87330 88052 90960 92771 97248 97887 99973 
82 66 77
1285 1627 1877 3050 4330 6253 6830 8918 9318 9402 10117 11736 12812 15946 17141 18451 21993 22187 24343 24774 25358 25674 27406 27413 30019 32105 35787 36858 37676 38703 40405 43282 46039 46427 46576 48629 50064 52743 53032 53080 53427 55563 56058 56688 56932 60054 60531 61660 63103 63761 63771 64390 65081 66464 68128 68277 68544 72620 73592 76442 77414 78047 78199 79089 79532 81036 81531 81605 86255 86285 88230 89424 89572 89889 90079 90860 95032 95656 96179 97275 98297 99241 
258 1003 5668 5691 6509 7442 7583 7960 9560 12152 15306 15412 17294 17842 18160 19803 20469 20919 24813 24865 24968 26985 27711 30645 31925 34528 34533 35674 37719 38954 40702 44507 46146 46833 47598 49374 50085 50386 51487 56585 56843 57522 57631 62494 62564 63289 67040 67971 71910 73199 74019 74286 76838 77972 78071 83347 83653 83758 88791 90087 90257 90667 92516 93317 96010 99620 
1056 4629 5812 10277 10513 10885 10978 11323 11615 14418 18418 19516 20169 22207 22790 24216 25206 26886 32499 34489 34877 35880 36637 37141 38317 39138 42485 42571 45798 47482 47499 47707 48248 49112 50741 52647 53348 55289 56701 56928 56976 59092 59399 59446 59673 63678 63970 64027 64106 64789 66822 67488 67539 67668 68655 69131 69433 70287 70984 71010 75744 75954 76568 77010 77204 77623 79475 79710 83728 85288 86682 87347 89039 92025 92595 95058 95746 
97 57 82
225 280 761 1029 1747 2297 4511 4742 4877 5207 6596 7479 8183 8943 9203 10273 10887 11022 11560 11790 11942 13694 13892 15254 15825 17429 20461 22910 23679 24367 25337 25397 25516 30068 30605 31239 31942 34737 35936 36071 36641 37669 37928 38283 40095 41265 42944 43152 44386 45485 45775 48402 52922 56449 57663 58532 61028 62640 64454 68165 68921 70182 70525 70868 71148 71377 71958 73488 73704 73850 75123 75644 76240 78124 78593 79096 79228 81199 81765 82816 82893 84747 85038 85372 85429 87039 89924 92614 94732 95019 95232 95985 97316 97355 98384 98981 99869 
554 761 1512 2651 2753 4070 4523 8339 9944 10981 11261 12419 18628 18705 21744 26412 35044 38880 39640 41530 44647 44902 46365 46769 46895 47120 47228 47398 53969 55234 60061 61760 61774 61857 62328 62459 66010 66651 68157 69233 71933 72235 74466 75670 77162 77363 80132 81505 81878 88245 93909 94166 95689 96225 96450 97995 98760 
179 261 821 1069 9540 10616 10687 10948 14463 14734 16450 16469 18237 18747 20986 22664 23525 26874 28237 28924 29567 30643 30940 32502 36477 38417 39061 40471 41605 43751 44824 45330 47641 48195 54603 55998 56152 57912 58574 59197 61421 61482 62497 63079 63339 65055 65741 65918 67601 68113 68291 68831 70020 71775 72203 72321 72441 72532 76661 76839 77700 79531 81926 83918 84208 84968 86470 87423 87974 88404 88981 89080 91126 93786 93922 94113 95196 96744 98606 98941 99847 99928 
93 56 92
488 817 2513 5859 5980 6735 10632 11564 12844 12950 15382 17582 18237 18792 19225 21327 21665 22403 22655 23024 23475 23559 24101 24496 24769 25174 26169 28261 28635 28873 28912 29878 30909 30984 35281 40643 44009 44239 46494 47496 50628 51324 51450 53150 54141 54225 54365 54467 55436 55658 56129 58024 58899 59711 60575 60614 60960 61158 63829 64703 66489 67061 67309 67523 68767 69517 69900 70327 71173 71247 71403 72468 73485 75231 76219 79398 83394 83668 84316 87532 89328 90119 91566 91841 92693 92813 93148 93635 93885 96235 96581 97763 99777 
45 942 2261 2569 6820 7397 10193 11449 13173 13272 13374 14364 14593 15742 16271 22941 26361 26966 30594 33082 36137 38054 38145 40589 44530 45551 47181 48672 49485 50273 51949 51987 53886 57796 58628 59130 61128 63675 63788 65221 65899 67481 67870 73529 76804 76915 77854 79454 82165 84546 84601 85250 90002 90822 91105 91752 
1941 3477 3980 5038 8969 9885 10095 10437 11344 11746 12038 12820 12867 12928 14711 16105 16243 16430 18653 18862 20586 21744 23203 23416 24606 25894 27008 29924 30111 30778 30960 33151 33997 35084 36130 36754 39130 40073 40564 41168 42308 44132 44440 45309 45319 47492 49024 49612 49660 49777 53866 55182 56265 56562 57533 59949 62311 63334 63646 64543 65484 66446 66765 67529 67597 69485 70621 72072 72226 72658 73820 73965 74070 75813 76225 77695 79921 80262 81862 81976 83404 85308 85392 86320 86688 88669 91959 92235 93099 97828 98096 99896 
87 85 68
682 732 1479 1633 1869 2040 2581 3420 3591 4479 5459 6198 9599 9849 9914 11611 12471 13082 15057 16111 17502 19364 19430 19448 19536 19880 20849 22440 22542 23445 23520 23538 23783 26313 29292 30792 32874 35741 36243 37041 37386 37917 38679 38813 38878 40297 51149 51392 51499 51826 51885 52513 53304 54074 55354 55777 56433 56447 58348 58450 59929 60082 62272 67368 68276 69023 69680 69958 70894 74194 75114 75219 75271 75452 76275 76764 83304 84787 87815 87885 89845 90983 94083 95610 95911 97142 97655 
600 735 1162 2452 3655 4224 5844 6349 8426 9465 11226 12495 12644 13119 15931 16474 17686 17760 19340 22293 22395 23727 24967 25291 25566 25576 25999 26568 26777 27139 28944 29707 31246 31362 32044 32916 34374 34690 34763 36053 37033 37733 41204 41991 42395 44688 46342 47685 48348 48426 50724 54258 55777 56110 56490 58824 59059 59603 59980 61922 63925 64960 65110 67199 67751 69461 70286 71029 73173 73186 73940 78399 84834 87058 87920 88737 88836 89125 91188 92377 93170 94214 95854 96175 96445 
806 1093 3229 4608 6467 7663 8996 11410 13749 18719 19113 19376 24016 24176 27864 31191 32274 33999 35463 36462 38281 38895 41599 42211 43024 43391 46550 50304 51990 54147 54181 54213 55794 56877 59316 60375 60402 60621 61742 62142 62702 64099 64933 65880 66226 66328 67738 69616 69791 70351 70883 73918 75928 76369 77982 79852 80125 80151 82432 83037 84448 85877 87454 87682 91487 93806 97603 98928 
53 59 91
353 692 4701 8255 10392 12460 14256 18655 20868 25326 27541 31235 32300 33545 34137 36948 42384 45074 46678 49774 50291 56341 56616 65658 65853 67695 67945 68636 68715 69081 70492 70515 72155 72294 73943 74582 74683 77844 78076 81222 83535 83728 83881 84411 87587 90647 94586 95541 97568 98943 98961 98972 99261 
4041 4069 6079 6803 9242 9453 10826 11966 13054 16241 17314 18948 19773 20848 22024 22517 23202 23581 25673 25923 26038 27321 31328 34397 35363 39442 41218 44265 44461 45324 45490 47848 49254 50267 51427 53854 55285 55473 55899 56881 57770 60756 62162 63968 64872 66230 68161 68428 72704 74247 74324 76244 78126 78661 84890 85047 91276 97239 97608 
322 1658 1761 2399 4083 5661 6932 7129 7371 7751 7768 9091 9207 10166 10428 10490 11450 13031 13949 14394 15148 16099 16154 16966 18151 20532 21669 22930 23061 24465 25239 25245 27011 27157 27895 28294 30969 31337 32735 33194 34445 34826 37028 37258 38497 41134 43830 44540 44899 44945 45021 45980 49447 51202 51342 53409 54862 55382 55424 56714 56832 56915 58321 59544 60055 60541 61141 64922 68505 68633 68797 70410 71653 72927 73137 74027 74982 77092 77957 79989 80752 82067 92037 92239 92278 93808 94458 94670 94698 97566 98398 
89 61 62
214 1662 2490 3199 3596 4243 4587 5691 6443 6913 9218 10237 11704 12990 14648 14935 15649 16030 16747 17359 18486 22247 23467 24137 24595 25497 25766 26446 28259 28808 29019 29651 30252 30772 30902 33178 35667 38559 38755 38774 38784 38868 41668 42236 44614 46553 48678 48897 49747 50094 51109 51585 51693 52075 52337 53125 53240 54787 55234 55809 57540 62316 62381 63778 64327 65470 68682 69459 71393 73153 73816 73883 74392 77314 79843 80227 83540 85643 85924 87168 89306 90745 91110 95161 95633 96619 97204 98037 99832 
1052 7329 7976 10242 13028 14150 16930 18786 19950 20378 20852 21870 22342 23657 29338 31636 32863 37185 41877 44351 44705 45670 48892 49118 49681 50847 50888 52411 53613 54919 56355 56814 63074 65538 66265 68134 69052 69958 70505 74450 78045 78176 80099 80201 80652 84212 85504 85635 87113 88631 89676 90886 92503 93505 94243 94320 94611 97100 97310 97514 98106 
703 1065 1660 1896 4311 6397 8619 10307 12467 12532 16117 17016 20422 22387 25334 26898 27003 29099 30986 31250 32314 34698 36859 40656 41744 42483 45658 46246 46483 48447 49266 50033 50683 51161 52539 57918 59577 62326 65262 66057 66344 67047 68190 69241 69539 71324 72084 76363 77469 78003 78852 79916 81563 91801 91805 92046 92891 95021 95731 96294 97407 98216 
51 78 85
2256 7235 8155 9935 12413 12477 14799 22343 26174 28314 31792 33611 33823 34571 36453 36983 37704 38780 40719 45091 48401 49401 50245 51586 51997 56601 58677 59201 61868 62880 64489 64811 66052 66368 74687 78780 78913 80229 80684 80686 81922 82040 82736 84177 84951 85206 87459 90181 92328 95129 95798 
1315 1520 3616 4408 5227 5531 6645 9446 9499 11015 11985 13302 14050 14653 18551 19260 23493 24021 24305 25220 25538 26144 26658 26694 29250 29914 30899 31158 31674 35137 35393 35667 37476 39761 40599 42363 45704 48216 48895 50533 50763 53960 54025 55939 60006 61674 63326 63547 63575 63817 66550 68278 68552 69493 70331 71059 71708 72735 74049 74784 74788 76043 77751 79772 81227 81888 85479 85488 87438 89834 90923 91756 95547 95728 96145 98100 98507 99163 
1219 1443 2182 2721 7166 7998 10073 10161 11598 11995 13497 15226 17095 17217 18763 20966 22595 22721 22751 23543 23569 24260 24404 24492 25141 25330 25605 27119 27737 29574 30303 31126 32249 36937 37013 37208 38426 39192 39811 42632 43751 51468 52042 56099 57131 58968 59374 61522 62267 63462 64120 65404 67052 68524 70255 71001 71117 71389 72411 75617 76280 76446 77498 77695 79641 80604 80654 81703 81863 83243 83541 85514 87085 87570 88318 91435 92598 92877 93120 94779 95521 96817 98164 98570 99925 
90 97 58
2458 4492 5083 6301 6668 9353 12859 13261 13889 14441 15126 16600 17093 17123 17406 17742 17973 18846 19457 20802 21124 21938 22102 23440 26145 28933 29861 31601 35181 35313 36056 36682 37079 38161 38471 38493 38575 39917 43239 46018 46250 47646 48600 50257 50447 50562 51560 52488 52832 54509 54569 55611 56670 59016 59496 61078 62245 65199 65916 66022 67703 67871 69448 69987 71077 71881 71904 72634 73479 75097 75891 77055 78147 78182 81004 81802 81811 82693 83845 84121 84196 84268 84762 87537 89936 92748 94186 95689 97966 98919 
1089 1146 2978 3609 4091 4297 4405 6682 8028 8742 9340 9646 11794 13405 14684 15058 16493 17202 18962 19701 20173 21439 23563 23781 24746 24773 25843 26897 28135 29710 29766 30971 32049 33200 34304 34597 36438 37063 37139 37644 39049 43077 43821 45703 47179 47568 48268 48530 49885 49888 57116 57326 57841 59804 59811 60810 60979 61130 64829 65758 66377 66583 66903 66996 67362 67556 67995 72002 72375 77771 78251 80184 81107 81561 81628 81859 83782 84363 84655 87126 88309 89886 90460 90591 92454 93136 93398 94058 94605 94760 95317 97006 97455 97872 98604 98627 98923 
3538 4108 4488 4775 5853 6201 10024 14645 16895 17834 21295 25525 25568 25678 27125 27158 32977 35591 36079 36274 38181 40415 47190 48567 51594 52098 54033 54104 55197 55577 56657 56918 59235 61343 61637 65841 66781 68072 69378 69590 70124 71691 72053 72981 75457 78964 82607 83539 84580 86272 86336 87505 88629 88981 90885 93788 93997 96272 
68 80 94
254 346 407 2464 4062 4206 5197 6578 8958 14198 14801 15278 18603 20549 20562 21820 22148 25579 29226 29519 32229 32556 35691 36504 37464 38525 38718 39170 39583 40565 40651 41793 43915 48131 50467 54720 54763 55324 64758 66698 67799 68117 69793 71182 71476 71479 72021 72224 73998 75011 76673 80287 83086 84706 85759 85889 86030 87601 87663 89618 92790 92995 94716 95023 95089 95253 97940 99196 
1154 3208 5345 6646 7889 7919 10060 11613 13389 14520 14588 15210 17384 18903 20871 20895 21234 21833 22041 24030 24066 26198 28997 29297 30569 31018 31791 32947 33336 33597 34003 35067 36220 36352 36939 37998 38462 38549 41458 42653 42865 44020 44537 48453 50532 50611 50742 53802 54978 56188 59865 60393 61298 62315 63352 64165 64937 65523 71893 75526 76256 77058 77505 78829 80260 84274 85427 86222 86481 86737 86747 88020 88516 89950 90295 91252 96395 97821 98341 98456 
746 886 3473 4017 4607 4713 6231 6322 6408 6686 9487 11377 12975 14149 15996 16355 17247 17406 18125 18165 19101 19102 20050 20911 21214 21895 21990 22461 23448 24473 24811 26399 26844 27665 28726 28807 29929 30437 31021 32074 32823 33274 33905 34871 35134 35411 38470 40164 40736 40889 41635 43273 45390 46073 46128 46247 46543 47367 50472 50500 51501 53189 53287 55767 59221 59510 62593 63161 66407 66445 66826 67339 68340 74972 75083 75261 77729 78227 80549 81435 83203 84008 85247 85337 85508 86456 88315 89324 89482 92940 94733 94816 98033 98306 
97 59 87
1092 1667 2903 4636 4985 5738 7608 7785 8530 11321 13315 13885 14501 15940 16117 16156 19427 19503 20408 22034 22286 23599 25034 26669 27841 27992 28041 28726 28945 29376 29716 30293 30851 31265 31736 31882 31903 32039 32089 33223 35937 37200 37473 37640 39571 39603 40779 45415 46169 46245 53868 56904 59017 59356 59929 60293 61718 62259 63142 65731 66144 69367 69793 75112 75868 77949 80839 80948 83234 83548 83573 84029 84622 84833 85713 87720 88359 88435 89023 89772 89869 90703 91183 91473 91926 92397 92436 93094 93108 93326 94851 95075 96436 97552 97700 99118 99227 
4446 4477 6669 9054 9615 11051 13324 13329 15634 15690 18235 19164 22377 22430 22513 23280 24291 24452 26651 27264 30702 35884 38865 40554 41148 41449 41594 45226 47572 49647 54841 56067 56469 57977 63496 64815 66076 66819 67214 69665 69797 70445 78385 80060 82866 83087 83954 85427 87087 87694 87787 88031 88787 90528 92732 95028 97639 99221 99394 
1913 2207 2504 3786 4940 5198 5487 7247 9272 10271 13071 16646 19327 20486 21028 23305 28788 28805 30028 30835 31637 33084 33522 33777 33787 33985 34562 34629 35110 35734 36952 37021 37546 38387 38700 38715 41129 44048 44551 45005 46019 46452 46848 46850 46855 47997 48065 48431 48788 49795 50012 50701 51577 53917 55505 57571 58344 66822 67712 68108 70280 70492 71909 73866 77359 78187 78691 78824 79541 80880 81702 81885 84217 86285 87212 87759 88175 89003 92957 94233 94961 95957 97915 98203 98452 99173 99657 
66 71 69
487 1083 1316 2187 4309 4390 6127 6222 6830 12685 13812 14008 14836 16634 17082 17874 18476 21113 21711 22705 23060 25277 26592 26725 27094 27942 30510 30933 35340 35673 39532 40973 43916 48507 49543 52733 56133 56789 58995 60549 64923 66174 66878 70563 70920 72693 73274 73289 75227 78416 79184 81410 82841 86344 86878 91047 91404 91736 93469 93590 95998 96178 97058 97875 98958 99028 
2165 2350 2698 4073 4406 5334 8375 8629 9609 10186 10980 13272 13618 13737 14083 14315 17809 18449 19160 20162 20172 20798 21451 23353 25399 26918 27024 27490 28371 31810 32073 32732 37575 38810 40960 43050 43068 46962 49382 50083 50809 51971 53385 57160 58457 61565 61805 62767 64779 64894 67877 67931 69969 70246 71167 72622 73210 76225 78146 78188 79346 81352 84928 86406 86531 90539 91492 93722 95275 95367 96880 
722 858 2401 2697 3297 4519 5271 7001 10207 12081 12149 13194 13373 14538 15401 17445 19081 19423 19837 20975 24506 25380 29525 34347 35241 36028 36155 37130 38679 40221 40563 42196 43103 43260 44043 45746 51193 54886 55077 55252 55577 56726 57237 57861 58001 60261 63730 64958 65959 66462 67238 68207 70593 71775 72632 72806 73403 76078 79374 86433 86814 88689 91108 91385 91743 93508 96783 98215 99617 
61 68 80
1686 4316 6817 7239 8355 8514 14181 15339 15856 17660 19481 22005 25312 27357 29905 31586 32277 34047 37200 39844 44721 46711 49239 50790 50860 52545 53883 56392 56792 57261 59169 59785 60675 60858 63221 63794 67732 68304 70270 73040 74104 74551 76013 76173 78517 81343 83033 83172 85189 85992 87532 87728 88115 89073 89492 89728 91798 95490 96601 99131 99862 
1241 1696 2735 6414 7085 11750 11868 12714 14056 14386 15088 17279 17575 19077 21839 22364 22446 23601 26161 26401 26449 26723 28924 31427 34943 38763 44496 45383 45487 46239 46334 50124 51477 51820 51821 55328 60752 61088 65876 66048 66859 67107 71436 74802 75677 76487 76898 77625 78517 78866 79219 79934 80124 80460 80637 83018 84785 85107 89409 90086 95023 96159 96775 96781 96914 97248 98935 99679 
1436 1594 3353 4312 4839 5010 7481 8626 10545 12033 13918 14514 17649 21141 21264 23428 26047 26049 27537 28240 28963 31727 32070 32311 34359 34723 35720 44236 44789 46185 47894 49196 49638 52066 54107 56912 62924 64968 65376 65738 66104 66195 67235 68145 68613 70312 71942 74503 75114 77972 78175 78540 78605 79744 79847 79861 80923 82445 85523 86156 86158 88732 89376 89839 93054 93246 93641 93882 94466 94819 95810 95972 96594 96940 97686 98024 98257 99320 99368 99898 
90 64 66
1256 1833 4131 5129 5955 9700 10266 11238 12281 13769 16091 16455 18394 19605 19655 20246 21101 22046 22164 23294 23305 23974 27198 27302 29087 30466 30707 30775 35609 37282 38312 39864 39886 41630 42509 44492 45267 47352 48360 51185 51214 54404 54672 54864 55747 56555 57603 58002 58055 58258 61687 63085 63795 65383 65684 65975 66713 66952 69381 69840 70570 71715 71824 72163 72636 74006 77123 77172 77338 77501 77555 78069 79471 79909 81164 81469 83856 84026 84565 87689 88637 88876 88990 90174 90776 95446 95467 96003 97923 99539 
1463 3095 3851 6945 7273 11428 14142 14817 15082 16051 17073 18514 19069 19185 19717 23784 24346 25917 26244 28675 30906 32340 32782 33765 38383 41321 42482 42497 45179 48096 48335 48523 49759 52792 55160 57230 58381 62167 62295 62501 63853 66560 66609 66974 69488 69817 71446 74932 76308 77026 86667 89839 91663 92087 92613 93275 93801 95732 96184 96880 98813 98978 99051 99259 
1626 3142 5666 5684 6074 7145 7765 10092 10418 10637 12597 13078 13406 15896 16355 16523 16997 21409 23299 24505 24860 27705 28955 31753 33851 33873 34432 34634 37591 38567 40147 40994 45270 47138 49178 50187 50748 51174 52862 55118 56592 56748 58733 59139 61192 62831 63492 68497 69616 71691 72658 73295 73631 75816 76235 79631 80844 82132 84634 84673 91607 93641 96153 96201 97711 99373 
94 56 79
1114 2325 2690 3654 4599 4818 5474 5639 5777 5840 6761 6905 7027 7093 8417 9493 10072 11352 11874 13135 13872 15935 17175 19162 23438 23592 24808 25684 25862 25964 28137 28527 30258 33429 34919 35414 35553 36159 36673 36978 39829 43593 43846 44406 45902 46563 46589 46795 47472 49017 50071 50655 52912 52951 54632 55300 58437 59474 59816 60105 63439 64526 65197 67184 69509 70250 70928 72029 72250 73192 74619 76846 77668 79173 79323 81275 81807 82024 82894 84155 86529 86584 87943 88117 89292 91744 92490 92740 93369 93931 94768 95669 98735 98740 
575 6052 6767 7994 10499 10509 15210 16217 16930 19279 21788 26968 30276 31368 34195 34752 35307 36256 38848 40774 43454 44904 47272 47375 48688 50732 51681 52353 53204 53362 55412 56257 58092 61648 62858 63488 65320 67183 68296 68819 69208 69884 70289 75077 76510 79240 82467 82680 85481 86207 86773 88790 89234 89606 92432 94375 
155 1207 2485 2502 5351 6880 8991 9001 9521 14086 15531 22653 22892 22896 25188 30236 31225 33684 36433 38050 38762 40551 40871 41403 41980 42086 42794 43957 45043 46524 47661 50628 51173 52928 53763 55052 55231 55634 55789 55978 56619 56689 58070 61354 61919 62576 62993 63768 65030 66468 66502 68147 70270 71972 74456 77752 77883 79083 79270 80164 80207 80390 82341 82540 84637 85093 85740 86106 86339 86904 87199 90699 90853 90980 91845 92060 93702 98877 99466 
80 92 52
1071 1201 4063 4828 6995 7200 7737 9175 9618 9818 10813 11066 13935 16075 17035 17882 18943 22105 22233 25770 26034 26429 29216 30389 31487 31739 32095 34206 34432 36334 36768 37343 40911 42300 43002 43456 43705 44170 45819 47535 47929 51020 51334 52493 52605 52631 55608 55973 57513 58219 58548 62422 63479 64050 66468 73341 74873 76131 79842 80527 81601 83032 83423 83676 83746 84275 84720 87601 88311 88783 91077 92347 92781 95552 95777 95808 97486 97583 98753 99775 
217 444 515 941 962 2815 3566 4213 5011 6022 7758 8275 8293 9432 9676 10225 11257 11267 18874 19447 20836 23740 24255 25567 27441 27844 28985 29937 30366 31640 31795 32950 33387 33916 34856 35129 36187 37228 41037 41248 42368 43886 44096 45787 46292 49738 53007 56123 56425 56491 57309 58607 59953 60794 60924 61065 61824 64183 65386 66587 69167 69185 69908 70758 71018 72486 73877 74065 75572 75781 76654 76774 78860 79705 79831 80230 81093 82058 83438 84100 84543 84922 86481 87080 88412 88612 89966 93786 95557 95799 96729 98919 
1242 4326 7035 14858 18568 19593 19744 26006 26954 28844 29781 32934 34822 34823 35879 36764 36908 37265 38090 42839 43172 44534 45495 45529 46116 47452 50827 51788 55564 60107 63525 64015 65045 66065 67735 69029 72619 75861 80942 81660 82824 85673 85746 87711 90062 92380 92499 92596 94551 98112 99403 99866 
52 77 84
868 1413 2060 2236 5606 6423 8136 10123 11273 13047 13266 14192 16095 31785 36759 36830 37877 38716 39120 43768 44037 44102 45258 46769 50820 51014 53101 53643 54076 56218 56272 56480 58210 59834 60499 61256 65204 66147 69398 71488 72673 79187 88012 89596 90116 90643 90987 92302 92352 93945 96829 97653 
2676 3934 6686 8928 10175 10680 10748 10820 12819 12973 16577 18131 19226 19266 20994 23821 24777 24911 25791 26036 26461 27085 27774 28188 29330 31186 32121 34883 36516 37121 37460 38039 39961 40876 43189 45136 46832 46869 47453 49611 50998 54947 56408 56700 57221 58909 61982 62566 63250 64361 64399 66593 70720 72125 72889 73333 73628 74818 77964 79520 80019 80255 81816 82197 84397 84943 87068 87998 90429 91705 93732 93791 95124 95925 97148 98699 99344 
1164 2362 5495 7223 8491 9579 9619 10095 12174 13715 13721 13815 13995 14584 14927 15265 16534 16707 16841 18771 20296 20767 21298 21381 23294 25106 26599 27370 31980 32061 33238 34310 34703 37569 38990 39206 39785 40069 42950 44301 47776 48882 49809 50754 52005 52622 52684 54284 55870 60280 60287 60495 60738 62052 63566 64933 65323 66484 67298 67610 68592 70802 71909 74367 75766 79783 81653 81661 81735 82380 83568 89742 90866 91431 91958 95174 95191 95670 95676 96665 97248 97828 98507 98731 
51 64 62
713 1158 1985 3031 4618 6544 11797 13944 16220 23238 24222 27514 28670 32449 37092 39406 39909 40401 40899 41769 42589 44758 45018 45401 47279 48709 52575 56133 58185 58257 61465 62653 64511 65966 68057 68975 69568 73022 73628 73848 75321 75516 77560 79717 81725 82113 85342 88171 88338 96488 98753 
4137 5212 5259 5500 8161 8503 12434 13221 15986 17732 18791 19487 22792 23950 28358 29165 29529 32102 33430 36127 36487 37376 37644 37988 42007 42857 47028 48990 49833 50509 53500 55625 58117 59552 60306 61473 61998 64778 66806 69351 73656 73803 76672 79792 82428 82665 83256 83676 85837 86923 87393 87954 88778 89175 90022 90961 91162 92036 92210 92291 97340 98482 98484 99920 
1168 1332 2882 4677 5643 5906 8781 10674 11017 13516 13717 15490 18956 19421 21555 22594 24179 25696 27181 29358 30928 32234 33809 34983 39950 40449 41428 42123 42676 44007 44024 45208 46413 46686 50773 52796 53040 61637 63422 64617 66854 67999 71000 71995 72072 73866 76348 77185 77266 78507 79866 80131 83086 85144 85747 86311 88585 89645 94111 98416 99087 99143 
92 57 71
736 997 2533 5071 5842 6227 6333 6631 6782 10043 10392 11704 15782 17277 18620 19939 20270 21262 23157 23750 24026 24866 25921 27180 27408 28509 29161 29439 30184 32032 32278 32326 35608 37674 38652 39388 39829 40175 40450 47535 47775 48022 48336 48605 50089 50650 51046 52045 55555 55720 56842 57458 58426 58997 60543 60643 61140 62432 64481 66624 66633 66660 66682 67224 67395 68755 69162 71174 73068 76724 76899 77015 77719 77919 78018 78666 79139 79575 80368 81877 81974 83221 86209 89734 89774 91846 92268 93855 97858 98204 98893 99707 
5 309 4813 7848 8936 15153 16419 17631 19771 24961 25631 25786 29243 30491 36389 36880 41202 42733 44428 45260 46825 48005 50344 51073 52294 52313 56478 56490 56624 57731 57945 58023 58890 59488 61678 62584 63822 63953 72065 72883 74433 79112 79912 80602 80606 80887 82475 83667 84663 85056 85180 85740 86049 87740 87957 96638 98458 
2616 4761 5048 5872 7453 8467 10129 13324 13541 13653 13902 14282 14613 15234 15381 16002 16898 17042 18289 19088 19950 20236 22108 22412 23810 24425 25214 25585 26176 26271 27172 27268 28465 29054 33000 35392 35397 36493 42213 42366 45054 46255 49394 49396 52629 61051 61490 62521 64921 65853 70121 71511 75874 76781 77503 79286 80017 81646 83412 83562 86320 86755 87298 87772 91140 92219 93410 94663 94750 94841 96756 
80 65 51
5665 7057 7620 7717 10011 11821 12024 12603 13939 17288 17734 19924 21773 22178 24909 27786 29012 31324 31356 32234 33337 33951 35281 35956 36314 36982 38132 38461 40501 40827 40951 41310 41506 45205 46553 46588 46693 47520 48388 49005 49024 49026 49584 54632 56082 58518 59528 59657 60811 61909 63656 64286 66616 66976 67432 69513 69529 71202 71824 72214 75387 76648 76846 77390 79462 82161 83449 84765 84965 86334 90754 92481 93986 94877 96359 96821 96871 97988 98299 98851 
1245 3746 4797 10950 11771 12300 20607 20997 21595 21874 22637 28011 28517 29068 30684 33895 35786 37419 37701 38558 40087 40448 42375 42436 43752 44033 44649 45034 45100 45270 47998 49176 50002 50064 52040 54207 54415 56109 56531 57512 57703 58028 64363 70985 73568 75624 77014 77680 78174 78855 81509 82822 83363 84200 85121 90753 91263 91894 92610 92793 93162 94175 98013 99288 99514 
2363 3709 5636 10365 12440 12996 13470 18876 21725 24125 28606 28687 31802 33733 34283 37523 37590 39393 40041 41787 49998 53943 54366 57971 60988 61765 67972 68379 68630 69438 73588 75407 77437 78498 78539 78856 83373 84072 86698 89237 90268 91270 91545 92178 92372 94405 95008 96984 98785 98916 99298 
58 57 59
537 4082 8549 13599 15233 16640 21492 23654 29809 29955 30216 30223 36197 38381 38678 41552 43969 44198 44309 44674 45106 45473 45534 46846 49193 53965 54392 56820 57237 62275 63698 64241 64329 64793 68922 70728 71138 71503 72191 75156 75533 79037 79614 79894 80430 80777 81776 82256 84180 87777 89918 90505 91981 92108 92140 92512 92935 96212 
1512 5136 6026 8607 10030 10709 13923 15048 16957 19217 20969 21225 25203 26921 27194 27250 29907 33356 33928 35141 35801 36276 36594 37391 38350 40092 44527 44825 47407 48206 48655 49717 50917 52019 52747 55238 57581 59603 59721 59746 59768 60229 63552 63994 64526 67200 67622 68156 70521 71587 73389 75616 78991 87159 89877 95012 97244 
4635 6033 6879 7355 8941 9963 11827 13971 14660 16669 18658 19412 20006 22168 22539 23736 26071 26661 27099 28102 31258 33207 34071 34980 35253 37841 38830 39125 41239 42357 46943 47327 47446 48182 53171 53304 53947 54183 54227 59091 59203 61671 65190 66223 69031 70087 71845 73141 73641 73953 75057 76140 77442 83413 84699 84766 88209 95993 96876 
64 96 80
1057 1463 3208 5072 6623 6670 14816 16270 17250 18944 19436 20935 22138 22730 23198 23207 23441 24139 25018 26704 27339 29878 29948 32162 35958 36796 37347 39045 39952 41967 46370 47336 49026 49079 50360 50812 52162 52227 54755 56259 56976 58125 58702 60992 63133 63810 71638 72730 72784 73506 74802 77189 78195 78260 83719 85200 85973 90988 92449 93153 95381 98995 99385 99487 
162 1462 3428 5063 5142 6039 6705 6916 9803 11181 11764 13083 14054 16091 17196 17412 18752 22755 22916 24072 24588 24678 26755 26824 26888 27418 27552 28122 28142 30181 31230 33571 33714 37268 39147 43911 43940 45084 46853 48978 49910 50123 50767 51404 52214 52702 52791 52911 53448 54909 56679 57598 58323 59501 59868 60100 60518 61152 61181 61668 63342 63498 65644 67853 68385 70171 70681 70733 71115 71361 71678 72034 73054 73182 78650 78851 83121 84073 85155 85291 86453 86918 87928 87929 90024 90201 91139 91665 92924 93989 94677 94919 98703 99082 99383 99809 
669 1015 1193 3172 4114 4252 4960 5343 5437 9880 12618 13209 15549 16140 16942 18461 20042 22887 23751 25051 25658 28027 28222 32806 33115 33139 34308 35730 36215 36387 38275 38694 38748 40940 42051 43795 44820 45539 47415 49079 49723 51016 51653 52482 53406 55715 58571 60802 62549 62848 65082 65813 68037 70743 71047 71049 72936 75223 76292 76600 77121 79562 80293 80324 80549 82272 83305 83453 87524 87601 91043 91313 91486 92560 93383 95252 96039 96390 96513 97661 
70 75 65
743 2751 4646 6244 8529 8727 11237 14136 16369 18253 20484 20604 22033 22107 24778 25615 27533 29542 30421 30991 32099 32292 32426 34813 35054 35929 37608 37698 38185 42298 42636 43335 44354 46625 48176 48898 50105 51075 52568 53024 54715 55734 62345 63201 64293 65392 66195 67178 67726 71402 72607 73439 76104 76732 79038 83739 85200 87712 88455 90721 90867 91515 91687 92426 95476 95706 97589 98403 99180 99700 
580 1864 7443 7481 8187 9234 10121 15176 15519 15729 17092 19150 20853 21156 25717 26942 27887 28120 28424 28722 29298 30890 30941 31152 31440 31762 32037 33611 35496 35519 36674 39472 40971 41799 42178 44294 45999 47555 48365 48739 50009 50302 50636 51092 51719 52256 53065 53313 54131 54295 54328 55233 56209 66811 67756 70507 72383 73560 75401 76257 76539 77719 78425 79382 79570 81245 82525 85820 86852 86953 87751 89124 96165 96177 98427 
1070 1379 6592 9783 9990 12029 13621 16834 18326 18801 19607 21491 22429 23692 24865 25087 26166 26511 26539 29129 29169 29708 30752 35172 37393 38165 38955 39759 40184 40771 42780 43665 46120 46828 47758 48001 48029 50255 53622 54885 55303 55873 56817 58591 62417 65222 66071 67293 67502 69225 72944 78355 80018 81053 81398 83224 84697 89014 89129 91720 92294 96077 97001 97409 99600 
98 72 79
793 2093 5270 7278 10332 10500 10669 10846 12324 13567 15753 15899 16065 16272 16751 16772 17594 18567 18973 19031 19035 19724 20131 20551 20894 21358 22282 23805 23889 24338 26533 27222 27617 28889 29409 30492 31448 33154 35745 38577 39795 40007 40472 40577 41160 42835 43469 45015 45118 45157 45630 47210 47368 47975 48029 49503 50126 50294 50461 50575 51077 51139 55159 56339 57103 57578 58801 59367 61344 61528 61919 62673 62946 63459 63927 64855 67446 71695 72175 73502 75414 75729 75882 81466 82461 82885 83254 83282 88520 88701 89104 90256 90766 91834 92608 97418 97503 99312 
1106 2092 9431 9903 10510 13555 14753 14906 17267 18104 18424 20293 22246 23248 24784 25093 25933 28546 28957 32063 39415 40595 41555 44166 44574 44963 45376 45418 47054 47600 47998 48393 48411 51203 54137 56044 56847 57538 58307 59308 59808 63261 65443 65710 67230 68483 71511 73757 73854 75219 75272 76469 76937 77668 78166 80022 81917 83388 84493 85000 85313 86595 87755 87798 89474 90825 92181 92642 96269 96548 97441 97657 
1252 1905 2801 3343 3444 5469 5730 7085 9886 10108 11015 11259 11404 13011 13055 13372 13859 14905 16970 17951 18350 20751 21961 31461 31721 32125 32712 33792 36054 36436 37782 39776 42472 44523 44812 47679 47951 48729 48840 49064 50396 51730 51864 54186 55859 57500 58032 61472 63309 63362 64318 65563 70318 70881 73391 73889 75332 76267 78412 80129 80282 80300 81001 81735 85166 85322 87488 88047 88967 89919 89961 90017 90185 90390 90657 91220 92420 94982 98502 
79 74 75
5964 6050 7669 9114 9402 11414 11732 12550 13686 14623 16736 16793 19163 20093 20173 20508 20950 24876 24939 25585 25725 26696 29392 32606 33387 39062 39696 43120 43266 43975 44583 46656 46703 48917 49293 53739 55696 56007 58289 59206 59262 59957 61847 64527 64550 65968 66006 66795 66898 67891 70682 70705 72439 74168 78829 79127 81031 81420 81699 82513 83035 83216 83690 84548 86971 87012 88653 89110 89800 89867 91515 92111 94340 94619 95614 96065 97564 99354 99832 
1247 1299 3025 5613 5892 6714 6727 7434 7562 9047 9824 11638 12504 15742 19907 21527 22758 23729 25400 26101 27732 30756 32377 33754 34797 35885 36992 38677 38712 39415 39923 41235 41342 41440 42201 44491 44723 47225 47300 47642 48153 48844 48852 48896 51920 54506 54546 57876 58389 59510 60398 63569 64981 67304 70198 70371 70715 71252 73436 73481 74734 75534 76142 76245 76866 79004 81977 86689 88217 90969 91335 96493 98459 99028 
3004 6714 9629 9811 11080 11147 13980 14468 15340 16053 18595 19837 20800 25126 25290 26224 26617 27307 28817 28981 31196 31500 33330 34842 38425 41123 41905 43181 43609 43631 44659 48461 48556 50847 51291 51614 51858 52386 54355 54883 55433 56989 60904 61527 64033 65136 65321 66738 67455 70426 70799 70810 73441 74414 75179 78274 78674 79958 80154 80866 82790 82986 85100 85186 85251 86045 87685 88762 88881 90073 90810 92798 94290 95850 99575 
82 84 58
1994 4593 6201 7998 8117 10495 10784 11510 13985 14317 16424 16734 19159 20143 22509 23010 24120 24745 25168 25613 27161 30605 34175 34273 36301 37809 38510 41644 41656 43468 43560 44774 45129 45484 45497 47125 49566 50252 50479 50872 51005 52789 54541 55054 56408 57577 57865 58441 58477 58876 59966 60559 60566 60933 62567 65549 65680 66005 73626 73702 74781 75640 79827 81523 82007 84564 85887 86784 87093 88782 89157 91999 92615 92742 93903 94832 95391 96121 97019 97033 98172 98948 
951 1387 2746 3448 4191 4785 6176 7478 8336 11244 12898 14292 14523 14705 15882 17575 17928 17950 17965 20900 22364 23663 25090 25766 25975 29581 29687 29987 31456 31946 32034 32222 33613 33621 33770 34036 34145 36989 37862 39545 40145 44466 44836 48408 49764 52262 54069 54339 54675 55009 55376 55826 57046 57226 57509 59386 62614 63411 66069 67167 69842 70804 71977 73109 73114 74162 76025 81080 81351 82186 84267 87255 88457 89196 90658 91885 92273 92763 93347 94303 94468 96778 98027 99844 
462 3220 9168 10230 11090 11100 12313 13546 14436 15777 16040 19027 23790 24664 25981 26050 26358 28572 30042 30116 30164 30699 30793 33465 34032 36829 36953 39100 41391 41977 46175 46832 52362 53604 56683 57414 64039 68116 68227 68233 70815 71663 72751 74148 80185 81501 83171 83961 84236 86580 86981 87858 95157 96339 96856 97016 98397 99164 
68 73 59
1080 2277 3892 4112 5458 6076 7008 9433 9619 9652 9967 11120 14385 14920 17973 20823 20942 24707 25974 27051 27525 30633 30977 36299 41435 41611 43007 45124 45648 45682 45800 47544 48765 49760 50014 51321 52541 57774 58299 62976 63660 63750 64136 65516 71142 72054 72473 72605 73309 74985 75287 76274 76403 76953 82444 82905 84110 88414 88830 89676 90035 90805 91184 92624 93146 94283 96610 98923 
14 1131 2484 2919 4344 5536 5827 8397 8924 9378 10486 12628 12740 13380 14630 15332 15983 16022 18772 19966 23185 23959 26792 26952 27536 27589 29354 30613 30617 31159 32147 35180 35203 35447 36459 37683 41206 43427 45612 47578 51919 55520 55822 57408 57770 58026 60264 60478 64538 64794 66474 70056 70852 71734 71930 72284 76416 79507 80860 82959 84898 86730 87990 89043 89413 90965 93233 93593 95559 96262 97525 97738 98525 
1739 4582 4981 8776 9562 10534 10662 12341 13489 15333 16228 16229 17523 17966 19568 19962 21898 26762 29340 29821 30794 31210 31498 32272 32795 34198 38544 39072 40062 40482 41815 43640 44497 44651 44979 48821 55194 56838 57147 59325 60443 64491 69519 69642 75787 75890 77382 77980 79615 81162 83645 83803 87491 88144 89208 92955 95431 95432 95873 
58 83 72
990 1204 1283 1405 1461 3037 6441 7305 8032 17690 18777 19863 21466 25061 25510 27679 27926 28238 28863 29332 31319 33231 35889 37799 38076 39747 40679 43981 45184 46107 46437 47531 49194 49221 53298 58090 62490 65526 68624 69540 71223 72026 72128 72302 72904 78613 80149 82015 83751 85696 87402 87597 88219 90852 91097 96350 97244 99828 
1182 4358 5231 6239 8458 11109 11191 11520 12665 12825 12850 13063 13307 14006 26142 29447 30513 34254 35165 36549 37288 39098 39394 40181 40576 44519 45995 46251 47750 50501 50503 51701 51922 52321 52422 53056 55757 56942 57307 57939 59257 60504 60736 62798 62850 65270 66058 66718 68313 68548 69326 70323 72416 74698 74842 76124 77579 79706 79781 81354 81698 82175 82280 82914 83156 83399 83435 86435 86753 86778 87513 88789 89637 90076 90249 92424 93829 95481 95900 96497 96799 99759 99816 
598 4336 6634 6672 6866 7457 7652 8864 9944 10443 13985 17085 23191 24335 26111 26588 26798 29337 29644 29942 31039 31706 32805 32998 33694 34060 34446 37558 40858 41727 42340 44107 44429 48635 50120 52298 53647 54229 55127 55180 56143 56350 57134 59595 63432 63927 66317 66794 69586 70628 71098 72481 72726 73078 77393 78112 79568 80524 82117 82685 83403 83725 84102 84666 88177 89340 91531 92385 93346 94609 96101 96652 
91 92 50
480 936 1853 2364 2750 2885 4035 5148 6063 9572 13030 14935 16315 16848 17350 17579 18570 18981 19634 20106 20483 21159 23137 24172 27373 27903 28571 29235 32346 33400 33445 33749 34135 35178 35482 35747 36382 36452 36821 37755 39052 39814 41637 44021 44199 46522 46992 47538 50423 51752 54991 55390 56800 59588 61745 62405 63306 63597 64091 64815 65119 66663 66975 67491 68426 70910 73580 74059 74991 78902 80330 81265 82276 83253 84180 84581 84626 84702 86158 86586 87951 89328 90242 93179 93457 93641 93972 94441 96119 97008 97078 
228 1283 2853 3535 3691 4336 4580 4840 4963 5858 5885 6046 6288 7312 9001 9183 10303 11080 11758 11986 12687 12813 13969 14145 14196 15919 16865 17874 18428 18494 21178 21498 22793 23163 24271 25015 27194 29011 30216 34833 35614 36077 37385 38467 41221 43409 43544 45022 45433 45987 46361 46886 47380 47691 48528 50103 51940 55126 56806 58008 58751 58780 61274 64705 68503 69064 70738 71617 71979 72057 72067 73062 73739 74331 75283 77501 82594 85816 86201 86653 86671 86953 90737 92562 94765 94920 95231 95858 95934 98608 99164 99374 
251 1102 3347 4210 4267 4487 4896 7022 8259 11929 13488 15332 26181 26794 28301 28379 32510 32692 33958 34159 34578 35303 38101 38863 39675 41248 44912 45540 47725 49399 57540 57791 57864 60294 64589 65178 67103 67241 74309 76550 77810 78777 79238 80999 83020 84476 90717 91589 95951 97247 
